NODE_BEGIN
num_vertices 1
shape_type 5
0.000000 0.000000 0.000000 0.000000 0.000000 0.000000 1.000000 1.000000 1.000000
NODE_BEGIN
num_vertices 1
shape_type 5
2.000000 0.000000 0.000000 0.000000 0.000000 0.000000 1.000000 1.000000 1.000000
NODE_BEGIN
num_vertices 1
shape_type 5
0.000000 0.000000 0.000000 0.000000 0.000000 0.000000 1.000000 1.000000 1.000000
NODE_BEGIN
num_vertices 1
shape_type 5
-1.000000 5.750000 0.000000 0.000000 0.000000 0.000000 0.500000 0.500000 0.500000
NODE_BEGIN
num_vertices 1
shape_type 5
0.000000 0.000000 0.000000 0.000000 0.000000 0.000000 1.000000 1.000000 1.000000
NODE_BEGIN
num_vertices 1
shape_type 5
0.000000 0.000000 0.000000 -45.000000 0.000000 0.000000 1.000000 1.000000 0.250000
NODE_BEGIN
num_vertices 7776
shape_type 4
1.875000 0.000000 0.000000 0.000000 0.000000 0.000000 0.125000 1.500000 1.000000
NODE_BEGIN
num_vertices 7776
shape_type 4
-0.750000 0.750000 0.000000 0.000000 0.000000 -11.250000 0.187500 3.250000 1.000000
NODE_END
NODE_END
NODE_BEGIN
num_vertices 2270
shape_type 3
0.074219 -0.298828 0.375000 0.000000 0.000000 -16.000000 0.562500 0.562500 2.250000
NODE_BEGIN
num_vertices 768
shape_type 1
-0.250000 -0.125000 0.000000 -11.000000 6.500000 0.000000 1.500000 1.375000 2.000000
NODE_BEGIN
num_vertices 1536
shape_type 2
0.000000 0.000000 0.250000 0.000000 0.000000 0.000000 0.750000 0.750000 0.375000
NODE_BEGIN
num_vertices 1536
shape_type 2
0.000000 0.000000 1.000000 0.000000 0.000000 0.000000 0.750000 1.000000 1.000000
NODE_BEGIN
num_vertices 768
shape_type 1
0.000000 0.000000 1.000000 0.000000 22.500000 0.000000 3.000000 2.000000 1.000000
NODE_BEGIN
num_vertices 768
shape_type 1
0.000000 0.000000 0.000000 0.000000 22.500000 0.000000 1.500000 1.500000 8.500000
NODE_BEGIN
num_vertices 768
shape_type 1
0.000000 0.000000 0.250000 0.000000 0.000000 0.000000 0.750000 0.750000 1.250000
NODE_BEGIN
num_vertices 1536
shape_type 2
0.000000 0.000000 0.375000 0.000000 0.000000 0.000000 1.000000 1.000000 0.125000
NODE_BEGIN
num_vertices 768
shape_type 1
0.000000 0.000000 1.000000 45.000000 0.000000 0.000000 1.000000 1.000000 2.000000
NODE_BEGIN
num_vertices 1536
shape_type 2
0.000000 0.000000 0.406250 0.000000 0.000000 0.000000 0.625000 1.000000 8.156250
NODE_BEGIN
num_vertices 768
shape_type 1
0.000000 0.000000 0.875000 0.000000 0.000000 0.000000 1.625000 1.500000 0.375000
NODE_BEGIN
num_vertices 768
shape_type 1
0.000000 0.000000 -0.125000 0.000000 0.000000 0.000000 0.875000 0.875000 0.875000
NODE_BEGIN
num_vertices 768
shape_type 1
0.000000 0.000000 0.750000 22.500000 0.000000 0.000000 1.500000 1.000000 0.500000
NODE_BEGIN
num_vertices 1536
shape_type 2
0.000000 0.000000 -1.000000 0.000000 0.000000 0.000000 1.000000 1.000000 1.000000
NODE_BEGIN
num_vertices 1536
shape_type 2
0.000000 0.000000 -0.250000 0.000000 0.000000 0.000000 1.187500 1.500000 0.500000
NODE_END
NODE_END
NODE_END
NODE_END
NODE_END
NODE_END
NODE_END
NODE_END
NODE_END
NODE_END
NODE_END
NODE_END
NODE_END
NODE_END
NODE_END
NODE_END
NODE_END
NODE_END
NODE_END
NODE_END
NODE_END
